=== MÉTRICAS GENERALES ===
Accuracy: 0.9940
Precision-macro: 0.7386
Recall-macro: 0.7040
F1-macro: 0.7159
Balanced accuracy: 0.7040
MCC: 0.9905
ROC-AUC macro: nan, micro: 0.9999
PR-AUC (avg precision) macro: 0.7325, micro: 0.9995
Log-loss: 0.0259

=== REPORTE DE CLASIFICACIÓN ===
                 precision    recall  f1-score   support

        apache2       1.00      1.00      1.00       148
           back       1.00      1.00      1.00       263
buffer_overflow       0.75      0.60      0.67        10
      ftp_write       0.00      0.00      0.00         2
   guess_passwd       1.00      0.98      0.99       257
     httptunnel       1.00      0.96      0.98        27
           imap       1.00      1.00      1.00         2
        ipsweep       1.00      1.00      1.00       748
           land       0.83      1.00      0.91         5
     loadmodule       0.00      0.00      0.00         2
       mailbomb       1.00      1.00      1.00        59
          mscan       1.00      0.99      1.00       199
       multihop       1.00      0.40      0.57         5
          named       0.00      0.00      0.00         3
        neptune       1.00      1.00      1.00      9174
           nmap       1.00      0.99      1.00       313
         normal       0.99      1.00      1.00     15411
           perl       1.00      1.00      1.00         1
            phf       1.00      1.00      1.00         1
            pod       0.92      0.96      0.94        48
      portsweep       1.00      1.00      1.00       618
   processtable       1.00      1.00      1.00       137
             ps       0.00      0.00      0.00         3
        rootkit       0.00      0.00      0.00         5
          saint       0.90      0.69      0.78        64
          satan       0.96      0.99      0.98       874
       sendmail       1.00      0.67      0.80         3
          smurf       1.00      1.00      1.00       662
  snmpgetattack       0.26      0.25      0.25        36
      snmpguess       1.00      1.00      1.00        66
       teardrop       0.98      0.99      0.99       181
    warezclient       1.00      0.96      0.98       178
    warezmaster       0.99      0.93      0.96       193
          xlock       0.00      0.00      0.00         2
         xsnoop       0.00      0.00      0.00         1
          xterm       0.00      0.00      0.00         3

       accuracy                           0.99     29704
      macro avg       0.74      0.70      0.72     29704
   weighted avg       0.99      0.99      0.99     29704


=== MATRIZ DE CONFUSIÓN (Top 15 clases) ===
15360 0 15 0 0 0 0 0 0 0 0 3 0 0 0
1 9173 0 0 0 0 0 0 0 0 0 0 0 0 0
6 0 862 0 0 1 0 0 0 0 0 0 0 0 0
0 0 0 748 0 0 0 0 0 0 0 0 0 0 0
1 0 0 0 661 0 0 0 0 0 0 0 0 0 0
2 1 0 0 0 615 0 0 0 0 0 0 0 0 0
1 0 0 1 0 0 311 0 0 0 0 0 0 0 0
0 0 0 0 0 0 0 263 0 0 0 0 0 0 0
5 0 0 0 0 0 0 0 252 0 0 0 0 0 0
1 0 0 0 0 0 0 0 0 198 0 0 0 0 0
13 0 0 0 0 0 0 0 0 0 179 0 0 0 0
2 0 0 0 0 0 0 0 0 0 0 179 0 0 0
8 0 0 0 0 0 0 0 0 0 0 0 170 0 0
0 0 0 0 0 0 0 0 0 0 0 0 0 148 0
0 0 0 0 0 0 0 0 0 0 0 0 0 0 137


=== MATRIZ DE CONFUSIÓN (Todas las clases) ===
148 0 0 0 0 0 0 0 0 0 0 0 0 0 0 0 0 0 0 0 0 0 0 0 0 0 0 0 0 0 0 0 0 0 0 0
0 263 0 0 0 0 0 0 0 0 0 0 0 0 0 0 0 0 0 0 0 0 0 0 0 0 0 0 0 0 0 0 0 0 0 0
0 0 6 0 0 0 0 0 0 0 0 0 0 0 0 0 3 0 0 0 0 0 0 0 0 0 0 0 0 0 0 0 1 0 0 0
0 0 0 0 0 0 0 0 0 0 0 0 0 0 0 0 2 0 0 0 0 0 0 0 0 0 0 0 0 0 0 0 0 0 0 0
0 0 0 0 252 0 0 0 0 0 0 0 0 0 0 0 5 0 0 0 0 0 0 0 0 0 0 0 0 0 0 0 0 0 0 0
0 0 0 0 0 26 0 0 0 0 0 0 0 0 0 0 1 0 0 0 0 0 0 0 0 0 0 0 0 0 0 0 0 0 0 0
0 0 0 0 0 0 2 0 0 0 0 0 0 0 0 0 0 0 0 0 0 0 0 0 0 0 0 0 0 0 0 0 0 0 0 0
0 0 0 0 0 0 0 748 0 0 0 0 0 0 0 0 0 0 0 0 0 0 0 0 0 0 0 0 0 0 0 0 0 0 0 0
0 0 0 0 0 0 0 0 5 0 0 0 0 0 0 0 0 0 0 0 0 0 0 0 0 0 0 0 0 0 0 0 0 0 0 0
0 0 2 0 0 0 0 0 0 0 0 0 0 0 0 0 0 0 0 0 0 0 0 0 0 0 0 0 0 0 0 0 0 0 0 0
0 0 0 0 0 0 0 0 0 0 59 0 0 0 0 0 0 0 0 0 0 0 0 0 0 0 0 0 0 0 0 0 0 0 0 0
0 0 0 0 0 0 0 0 0 0 0 198 0 0 0 0 1 0 0 0 0 0 0 0 0 0 0 0 0 0 0 0 0 0 0 0
0 0 0 0 0 0 0 0 0 0 0 0 2 0 0 0 2 0 0 0 0 0 0 1 0 0 0 0 0 0 0 0 0 0 0 0
0 0 0 0 0 0 0 0 0 0 0 0 0 0 0 0 3 0 0 0 0 0 0 0 0 0 0 0 0 0 0 0 0 0 0 0
0 0 0 0 0 0 0 0 0 0 0 0 0 0 9173 0 1 0 0 0 0 0 0 0 0 0 0 0 0 0 0 0 0 0 0 0
0 0 0 0 0 0 0 1 0 0 0 0 0 0 0 311 1 0 0 0 0 0 0 0 0 0 0 0 0 0 0 0 0 0 0 0
0 0 0 0 0 0 0 0 1 1 0 0 0 0 0 0 15360 0 0 4 0 0 0 1 0 15 0 0 26 0 3 0 0 0 0 0
0 0 0 0 0 0 0 0 0 0 0 0 0 0 0 0 0 1 0 0 0 0 0 0 0 0 0 0 0 0 0 0 0 0 0 0
0 0 0 0 0 0 0 0 0 0 0 0 0 0 0 0 0 0 1 0 0 0 0 0 0 0 0 0 0 0 0 0 0 0 0 0
0 0 0 0 0 0 0 0 0 0 0 0 0 0 0 0 2 0 0 46 0 0 0 0 0 0 0 0 0 0 0 0 0 0 0 0
0 0 0 0 0 0 0 0 0 0 0 0 0 0 1 0 2 0 0 0 615 0 0 0 0 0 0 0 0 0 0 0 0 0 0 0
0 0 0 0 0 0 0 0 0 0 0 0 0 0 0 0 0 0 0 0 0 137 0 0 0 0 0 0 0 0 0 0 0 0 0 0
0 0 0 0 0 0 0 0 0 0 0 0 0 0 0 0 2 0 0 0 0 0 0 0 0 0 0 0 0 0 0 0 0 0 0 1
0 0 0 0 0 0 0 0 0 0 0 0 0 0 0 0 5 0 0 0 0 0 0 0 0 0 0 0 0 0 0 0 0 0 0 0
0 0 0 0 0 0 0 0 0 0 0 0 0 0 0 0 3 0 0 0 0 0 0 0 44 17 0 0 0 0 0 0 0 0 0 0
0 0 0 0 0 0 0 0 0 0 0 0 0 0 0 0 6 0 0 0 1 0 0 0 5 862 0 0 0 0 0 0 0 0 0 0
0 0 0 0 0 0 0 0 0 0 0 0 0 0 0 0 1 0 0 0 0 0 0 0 0 0 2 0 0 0 0 0 0 0 0 0
0 0 0 0 0 0 0 0 0 0 0 0 0 0 0 0 1 0 0 0 0 0 0 0 0 0 0 661 0 0 0 0 0 0 0 0
0 0 0 0 0 0 0 0 0 0 0 0 0 0 0 0 27 0 0 0 0 0 0 0 0 0 0 0 9 0 0 0 0 0 0 0
0 0 0 0 0 0 0 0 0 0 0 0 0 0 0 0 0 0 0 0 0 0 0 0 0 0 0 0 0 66 0 0 0 0 0 0
0 0 0 0 0 0 0 0 0 0 0 0 0 0 0 0 2 0 0 0 0 0 0 0 0 0 0 0 0 0 179 0 0 0 0 0
0 0 0 0 0 0 0 0 0 0 0 0 0 0 0 0 8 0 0 0 0 0 0 0 0 0 0 0 0 0 0 170 0 0 0 0
0 0 0 0 0 0 0 0 0 0 0 0 0 0 0 0 13 0 0 0 0 0 1 0 0 0 0 0 0 0 0 0 179 0 0 0
0 0 0 0 0 0 0 0 0 0 0 0 0 0 0 0 2 0 0 0 0 0 0 0 0 0 0 0 0 0 0 0 0 0 0 0
0 0 0 0 0 0 0 0 0 0 0 0 0 0 0 0 1 0 0 0 0 0 0 0 0 0 0 0 0 0 0 0 0 0 0 0
0 0 0 0 0 0 0 0 0 0 0 0 0 0 0 0 3 0 0 0 0 0 0 0 0 0 0 0 0 0 0 0 0 0 0 0


=== ESPECIFICIDAD POR CLASE ===
apache2: 1.0000
back: 1.0000
buffer_overflow: 0.9999
ftp_write: 1.0000
guess_passwd: 1.0000
httptunnel: 1.0000
imap: 1.0000
ipsweep: 1.0000
land: 1.0000
loadmodule: 1.0000
mailbomb: 1.0000
mscan: 1.0000
multihop: 1.0000
named: 1.0000
neptune: 1.0000
nmap: 1.0000
normal: 0.9932
perl: 1.0000
phf: 1.0000
pod: 0.9999
portsweep: 1.0000
processtable: 1.0000
ps: 1.0000
rootkit: 0.9999
saint: 0.9998
satan: 0.9989
sendmail: 1.0000
smurf: 1.0000
snmpgetattack: 0.9991
snmpguess: 1.0000
teardrop: 0.9999
warezclient: 1.0000
warezmaster: 1.0000
xlock: 1.0000
xsnoop: 1.0000
xterm: 1.0000
